"http://www.w3.org/2000/01/rdf-schema#label","adam av bremen","True","0"
